3.082096338272094727e+01
2.799067306518554688e+01
2.939342737197875977e+01
2.845750641822814941e+01
2.944994235038757324e+01
2.916342043876647949e+01
2.841377377510070801e+01
2.938909721374511719e+01
2.873681402206420898e+01
2.894474077224731445e+01
2.804698991775512695e+01
2.846896529197692871e+01
2.791757059097290039e+01
2.887299537658691406e+01
2.886493539810180664e+01
2.999035120010375977e+01
2.893657970428466797e+01
2.952895998954772949e+01
2.937567925453186035e+01
2.825383830070495605e+01
2.918812251091003418e+01
2.830656695365905762e+01
2.934731459617614746e+01
2.890344858169555664e+01
2.882700204849243164e+01
3.006924819946289062e+01
2.858374595642089844e+01
2.917099308967590332e+01
2.881245636940002441e+01
2.786125183105468750e+01
2.847750616073608398e+01
2.915132021903991699e+01
2.861670875549316406e+01
2.845165157318115234e+01
2.666626095771789551e+01
2.754965114593505859e+01
2.881980299949645996e+01
2.869932556152343750e+01
2.861498689651489258e+01
2.868051052093505859e+01
2.858803009986877441e+01
2.898666644096374512e+01
2.772471141815185547e+01
2.831534552574157715e+01
2.940202522277832031e+01
2.946792888641357422e+01
2.985101580619812012e+01
2.868832540512084961e+01
2.863681912422180176e+01
2.799015212059020996e+01
2.917600655555725098e+01
2.800498104095458984e+01
2.907144546508789062e+01
2.943255758285522461e+01
2.909385704994201660e+01
2.922627258300781250e+01
2.964010119438171387e+01
2.888641428947448730e+01
2.974497437477111816e+01
2.824496316909790039e+01
2.870611286163330078e+01
2.959008502960205078e+01
3.027772474288940430e+01
2.959385085105895996e+01
2.960474872589111328e+01
2.868425822257995605e+01
2.917482709884643555e+01
2.923044872283935547e+01
2.846401453018188477e+01
2.894955420494079590e+01
2.941662240028381348e+01
2.772631216049194336e+01
2.893024063110351562e+01
2.918119621276855469e+01
2.820375132560729980e+01
2.939367914199829102e+01
2.801872396469116211e+01
2.856207990646362305e+01
2.991960549354553223e+01
2.947302794456481934e+01
