7.844716548919677734e+00
1.419871807098388672e+01
1.881410217285156250e+01
2.368589782714843750e+01
2.652243614196777344e+01
3.155448722839355469e+01
3.500000000000000000e+01
3.666666793823242188e+01
4.092948532104492188e+01
4.540064239501953125e+01
4.642628097534179688e+01
4.948717880249023438e+01
5.358974456787109375e+01
5.701922988891601562e+01
5.833333206176757812e+01
5.955128097534179688e+01
6.166666793823242188e+01
6.411859130859375000e+01
6.562500000000000000e+01
6.636218261718750000e+01
6.849359130859375000e+01
6.793269348144531250e+01
6.987179565429687500e+01
7.208333587646484375e+01
7.227564239501953125e+01
7.288461303710937500e+01
7.485576629638671875e+01
7.474359130859375000e+01
7.637820434570312500e+01
7.658654022216796875e+01
7.741986846923828125e+01
7.818910217285156250e+01
7.817308044433593750e+01
7.863781738281250000e+01
7.788461303710937500e+01
7.809294891357421875e+01
7.847756195068359375e+01
7.894230651855468750e+01
7.927884674072265625e+01
7.902243804931640625e+01
7.934294891357421875e+01
7.919871520996093750e+01
7.956730651855468750e+01
7.910256195068359375e+01
7.910256195068359375e+01
8.014423370361328125e+01
7.948718261718750000e+01
8.006410217285156250e+01
7.956730651855468750e+01
7.975961303710937500e+01
8.016025543212890625e+01
8.001602935791015625e+01
8.065705108642578125e+01
8.091345977783203125e+01
8.083333587646484375e+01
8.003205108642578125e+01
8.054486846923828125e+01
8.227564239501953125e+01
8.086538696289062500e+01
8.118589782714843750e+01
8.092948913574218750e+01
8.134615325927734375e+01
8.046474456787109375e+01
8.097756195068359375e+01
8.161859130859375000e+01
8.134615325927734375e+01
8.115384674072265625e+01
8.084935760498046875e+01
8.001602935791015625e+01
8.112179565429687500e+01
8.107371520996093750e+01
8.049679565429687500e+01
8.104166412353515625e+01
8.096154022216796875e+01
8.108974456787109375e+01
8.150640869140625000e+01
8.107371520996093750e+01
8.153845977783203125e+01
8.121794891357421875e+01
8.126602935791015625e+01
