1.897383642196655273e+01
3.549797916412353516e+01
5.181514215469360352e+01
6.876210260391235352e+01
8.551154947280883789e+01
1.019194347858428955e+02
1.186182193756103516e+02
1.349895265102386475e+02
1.514141631126403809e+02
1.678893485069274902e+02
1.840346384048461914e+02
2.005298395156860352e+02
2.171927602291107178e+02
2.339133973121643066e+02
2.504278831481933594e+02
2.668294036388397217e+02
2.832823729515075684e+02
2.999454102516174316e+02
3.165863280296325684e+02
3.330621395111083984e+02
3.497323920726776123e+02
3.661584661006927490e+02
3.826872606277465820e+02
3.991432840824127197e+02
4.155335342884063721e+02
4.318790431022644043e+02
4.486102421283721924e+02
4.648717858791351318e+02
4.812503993511199951e+02
4.979007229804992676e+02
5.141770737171173096e+02
5.307697241306304932e+02
5.471797921657562256e+02
5.638223443031311035e+02
5.804807648658752441e+02
5.967536633014678955e+02
6.134502353668212891e+02
6.299027595520019531e+02
6.465145683288574219e+02
6.631309840679168701e+02
6.794311466217041016e+02
6.957707297801971436e+02
7.121216592788696289e+02
7.285190560817718506e+02
7.449470801353454590e+02
7.612861902713775635e+02
7.775282278060913086e+02
7.942118065357208252e+02
8.108344030380249023e+02
8.273018734455108643e+02
8.436064884662628174e+02
8.599207253456115723e+02
8.765050365924835205e+02
8.931200582981109619e+02
9.098115484714508057e+02
9.261748631000518799e+02
9.427645432949066162e+02
9.594087853431701660e+02
9.760352239608764648e+02
9.926253941059112549e+02
1.009075007438659668e+03
1.025517041206359863e+03
1.042237923383712769e+03
1.058797798395156860e+03
1.075257738113403320e+03
1.091781641244888306e+03
1.108274029016494751e+03
1.124823693275451660e+03
1.141702558994293213e+03
1.158184998512268066e+03
1.174390738964080811e+03
1.190999025344848633e+03
1.207703907728195190e+03
1.224220083236694336e+03
1.240753102064132690e+03
1.257089150667190552e+03
1.273674999952316284e+03
1.290154395580291748e+03
1.306738354921340942e+03
1.323682905673980713e+03
