6.572165012359619141e+00
1.506410217285156250e+01
2.022435951232910156e+01
2.453525733947753906e+01
3.048077011108398438e+01
3.485577011108398438e+01
3.972756576538085938e+01
4.241987228393554688e+01
4.676282119750976562e+01
5.043269348144531250e+01
5.293269348144531250e+01
5.434294891357421875e+01
5.740384674072265625e+01
5.980769348144531250e+01
6.038461685180664062e+01
6.312500000000000000e+01
6.517628479003906250e+01
6.794871520996093750e+01
7.046474456787109375e+01
7.296474456787109375e+01
7.600961303710937500e+01
7.600961303710937500e+01
7.786859130859375000e+01
8.059294891357421875e+01
8.206730651855468750e+01
8.339743804931640625e+01
8.514423370361328125e+01
8.482371520996093750e+01
8.634615325927734375e+01
8.717948913574218750e+01
8.830128479003906250e+01
8.913461303710937500e+01
8.983974456787109375e+01
9.096154022216796875e+01
9.133013153076171875e+01
9.166666412353515625e+01
9.221154022216796875e+01
9.227564239501953125e+01
9.286859130859375000e+01
9.334935760498046875e+01
9.357371520996093750e+01
9.378205108642578125e+01
9.387820434570312500e+01
9.395833587646484375e+01
9.357371520996093750e+01
9.431089782714843750e+01
9.375000000000000000e+01
9.395833587646484375e+01
9.435897064208984375e+01
9.397435760498046875e+01
9.408654022216796875e+01
9.419871520996093750e+01
9.459935760498046875e+01
9.413461303710937500e+01
9.498397064208984375e+01
9.482371520996093750e+01
9.463140869140625000e+01
9.474359130859375000e+01
9.508013153076171875e+01
9.480769348144531250e+01
9.455128479003906250e+01
9.488781738281250000e+01
9.487179565429687500e+01
9.472756195068359375e+01
9.437500000000000000e+01
9.477564239501953125e+01
9.463140869140625000e+01
9.485576629638671875e+01
9.451923370361328125e+01
9.463140869140625000e+01
9.459935760498046875e+01
9.490384674072265625e+01
9.488781738281250000e+01
9.485576629638671875e+01
9.472756195068359375e+01
9.512820434570312500e+01
9.503205108642578125e+01
9.556089782714843750e+01
9.538461303710937500e+01
9.516025543212890625e+01
