2.847120571136474609e+01
5.045643067359924316e+01
7.270782065391540527e+01
9.499627375602722168e+01
1.171462323665618896e+02
1.395074176788330078e+02
1.613631994724273682e+02
1.834973294734954834e+02
2.055271980762481689e+02
2.280758037567138672e+02
2.507211470603942871e+02
2.732189099788665771e+02
2.952158131599426270e+02
3.174785666465759277e+02
3.398828496932983398e+02
3.624289224147796631e+02
3.845405871868133545e+02
4.068517313003540039e+02
4.292065594196319580e+02
4.512959594726562500e+02
4.733261709213256836e+02
4.955732202529907227e+02
5.176701467037200928e+02
5.400008490085601807e+02
5.624508657455444336e+02
5.845029172897338867e+02
6.070990192890167236e+02
6.288074328899383545e+02
6.511150052547454834e+02
6.736781063079833984e+02
6.957065536975860596e+02
7.177963750362396240e+02
7.399300611019134521e+02
7.617205915451049805e+02
7.835850083827972412e+02
8.051393511295318604e+02
8.274703824520111084e+02
8.496836061477661133e+02
8.716925878524780273e+02
8.940714685916900635e+02
9.163822875022888184e+02
9.386139581203460693e+02
9.610248858928680420e+02
9.832877240180969238e+02
1.005604559183120728e+03
1.027798485994338989e+03
1.049754480600357056e+03
1.072044502019882202e+03
1.094225503683090210e+03
1.116712039232254028e+03
1.139080878257751465e+03
1.161688955783843994e+03
1.183909157276153564e+03
1.205809965848922729e+03
1.227769221782684326e+03
1.250017589569091797e+03
1.272328729629516602e+03
1.295015597820281982e+03
1.317549545049667358e+03
1.339726108789443970e+03
1.362075312137603760e+03
1.384267321586608887e+03
1.406435086011886597e+03
1.428802195310592651e+03
1.451144058704376221e+03
1.473763290882110596e+03
1.496332621097564697e+03
1.518698848247528076e+03
1.541065185785293579e+03
1.563453676223754883e+03
1.585911720037460327e+03
1.608354613542556763e+03
1.630228424072265625e+03
1.652190040826797485e+03
1.674572698354721069e+03
1.696941878318786621e+03
1.718942384243011475e+03
1.741222179412841797e+03
1.763813387632369995e+03
1.786431081295013428e+03
