6.559482455253601074e+01
1.314981100559234619e+02
1.942577705383300781e+02
2.511056568622589111e+02
3.078216147422790527e+02
3.642791423797607422e+02
4.205600130558013916e+02
4.771357805728912354e+02
5.336479382514953613e+02
5.900120477676391602e+02
6.466813244819641113e+02
7.039268639087677002e+02
7.611694288253784180e+02
8.182504637241363525e+02
8.756256549358367920e+02
9.326458036899566650e+02
9.899535431861877441e+02
1.047238629341125488e+03
1.104757544040679932e+03
1.161721797466278076e+03
1.218983527421951294e+03
1.276590770721435547e+03
1.333732438802719116e+03
1.391009804248809814e+03
1.448227087497711182e+03
1.506494402885437012e+03
1.565376891374588013e+03
1.623398470640182495e+03
1.681622681379318237e+03
1.739726282358169556e+03
1.797379563093185425e+03
1.855523328304290771e+03
1.914011389017105103e+03
1.972797523260116577e+03
2.031477066040039062e+03
2.090038378715515137e+03
2.147912782669067383e+03
2.206370410203933716e+03
2.264779691696166992e+03
2.322606277942657471e+03
2.380097165346145630e+03
2.437867155790328979e+03
2.495975113630294800e+03
2.553578320026397705e+03
2.611250470638275146e+03
2.669330045938491821e+03
2.727760242223739624e+03
2.785837436676025391e+03
2.843677832365036011e+03
2.901874349355697632e+03
2.959816145420074463e+03
3.017712117195129395e+03
3.075797525405883789e+03
3.134264617919921875e+03
3.192655973196029663e+03
3.250881832838058472e+03
3.309305739164352417e+03
3.367705591917037964e+03
3.425940278291702271e+03
3.483809747695922852e+03
3.541808566570281982e+03
3.599645173549652100e+03
3.657900333881378174e+03
3.715231083154678345e+03
3.772088202953338623e+03
3.829584836959838867e+03
3.886700278282165527e+03
3.943215998411178589e+03
4.000334096431732178e+03
4.057541694641113281e+03
4.114669938564300537e+03
4.171714524745941162e+03
4.228747037887573242e+03
4.285892962455749512e+03
4.343231870889663696e+03
4.399867774963378906e+03
4.457451160669326782e+03
4.516383362054824829e+03
4.575554163932800293e+03
4.633986392498016357e+03
