1.117912387847900391e+01
2.277243614196777344e+01
3.008012771606445312e+01
3.639422988891601562e+01
4.182692337036132812e+01
4.661859130859375000e+01
4.945512771606445312e+01
5.149038314819335938e+01
5.365384674072265625e+01
5.870192337036132812e+01
6.057692337036132812e+01
6.125000000000000000e+01
6.347756576538085938e+01
6.528845977783203125e+01
6.613781738281250000e+01
6.897435760498046875e+01
7.110576629638671875e+01
7.322115325927734375e+01
7.543269348144531250e+01
7.666666412353515625e+01
7.889423370361328125e+01
7.972756195068359375e+01
8.094551086425781250e+01
8.293269348144531250e+01
8.285256195068359375e+01
8.419871520996093750e+01
8.578525543212890625e+01
8.623397064208984375e+01
8.689102935791015625e+01
8.740384674072265625e+01
8.873397064208984375e+01
8.865384674072265625e+01
8.939102935791015625e+01
9.017628479003906250e+01
8.998397064208984375e+01
9.094551086425781250e+01
9.174679565429687500e+01
9.166666412353515625e+01
9.198718261718750000e+01
9.251602935791015625e+01
9.317308044433593750e+01
9.318910217285156250e+01
9.360576629638671875e+01
9.362179565429687500e+01
9.341345977783203125e+01
9.392628479003906250e+01
9.403845977783203125e+01
9.405448913574218750e+01
9.411859130859375000e+01
9.407051086425781250e+01
9.399038696289062500e+01
9.402243804931640625e+01
9.447115325927734375e+01
9.402243804931640625e+01
9.463140869140625000e+01
9.387820434570312500e+01
9.432691955566406250e+01
9.491986846923828125e+01
9.450320434570312500e+01
9.450320434570312500e+01
9.443910217285156250e+01
9.464743804931640625e+01
9.437500000000000000e+01
9.456730651855468750e+01
9.391025543212890625e+01
9.501602935791015625e+01
9.485576629638671875e+01
9.418269348144531250e+01
9.439102935791015625e+01
9.480769348144531250e+01
9.440705108642578125e+01
9.423076629638671875e+01
9.432691955566406250e+01
9.453525543212890625e+01
9.426281738281250000e+01
9.451923370361328125e+01
9.474359130859375000e+01
9.498397064208984375e+01
9.528845977783203125e+01
9.475961303710937500e+01
