7.232603073120117188e+00
1.403846168518066406e+01
1.823717880249023438e+01
2.142628288269042969e+01
2.613782119750976562e+01
2.839743614196777344e+01
3.254807662963867188e+01
3.596154022216796875e+01
3.913461685180664062e+01
4.203525543212890625e+01
4.341345977783203125e+01
4.612179565429687500e+01
4.750000000000000000e+01
4.998397445678710938e+01
5.057692337036132812e+01
5.386217880249023438e+01
5.559294891357421875e+01
5.924679565429687500e+01
6.123397445678710938e+01
6.354166793823242188e+01
6.532051086425781250e+01
6.655448913574218750e+01
6.806089782714843750e+01
6.967948913574218750e+01
7.084935760498046875e+01
7.294871520996093750e+01
7.434294891357421875e+01
7.453525543212890625e+01
7.565705108642578125e+01
7.682691955566406250e+01
7.802884674072265625e+01
7.798076629638671875e+01
7.937500000000000000e+01
8.012820434570312500e+01
8.008013153076171875e+01
8.096154022216796875e+01
8.214743804931640625e+01
8.347756195068359375e+01
8.355769348144531250e+01
8.427884674072265625e+01
8.501602935791015625e+01
8.509615325927734375e+01
8.524038696289062500e+01
8.559294891357421875e+01
8.493589782714843750e+01
8.568910217285156250e+01
8.573718261718750000e+01
8.610576629638671875e+01
8.628205108642578125e+01
8.592948913574218750e+01
8.645833587646484375e+01
8.660256195068359375e+01
8.689102935791015625e+01
8.713140869140625000e+01
8.671474456787109375e+01
8.679486846923828125e+01
8.671474456787109375e+01
8.794871520996093750e+01
8.751602935791015625e+01
8.746794891357421875e+01
8.717948913574218750e+01
8.756410217285156250e+01
8.740384674072265625e+01
8.822115325927734375e+01
8.709935760498046875e+01
8.826923370361328125e+01
8.807691955566406250e+01
8.722756195068359375e+01
8.766025543212890625e+01
8.774038696289062500e+01
8.722756195068359375e+01
8.721154022216796875e+01
8.745191955566406250e+01
8.798076629638671875e+01
8.738781738281250000e+01
8.758013153076171875e+01
8.719551086425781250e+01
8.836538696289062500e+01
8.858974456787109375e+01
8.834935760498046875e+01
