2.791828131675720215e+01
4.983667421340942383e+01
7.157797002792358398e+01
9.380499362945556641e+01
1.159601614475250244e+02
1.377898719310760498e+02
1.593937652111053467e+02
1.812911195755004883e+02
2.034834372997283936e+02
2.255264546871185303e+02
2.479537856578826904e+02
2.703023519515991211e+02
2.927250170707702637e+02
3.146270594596862793e+02
3.367911834716796875e+02
3.591732189655303955e+02
3.812346506118774414e+02
4.037115156650543213e+02
4.256950657367706299e+02
4.475578939914703369e+02
4.695826323032379150e+02
4.918337724208831787e+02
5.140636341571807861e+02
5.363668873310089111e+02
5.582897126674652100e+02
5.803195703029632568e+02
6.021299290657043457e+02
6.241547641754150391e+02
6.457165737152099609e+02
6.674708154201507568e+02
6.893231759071350098e+02
7.116903738975524902e+02
7.343819763660430908e+02
7.564891653060913086e+02
7.792501103878021240e+02
8.014172580242156982e+02
8.235318276882171631e+02
8.458429272174835205e+02
8.682454249858856201e+02
8.903418872356414795e+02
9.126328892707824707e+02
9.348514161109924316e+02
9.568018536567687988e+02
9.791758344173431396e+02
1.001697166204452515e+03
1.023731697559356689e+03
1.045907877206802368e+03
1.068211244821548462e+03
1.090891613721847534e+03
1.113380356788635254e+03
1.135916735887527466e+03
1.158577135324478149e+03
1.180801724910736084e+03
1.202963172912597656e+03
1.225095291614532471e+03
1.247557463884353638e+03
1.269387324810028076e+03
1.291761943101882935e+03
1.314514956951141357e+03
1.336440736770629883e+03
1.358737277030944824e+03
1.381126756906509399e+03
1.402881965398788452e+03
1.425132116079330444e+03
1.447275323867797852e+03
1.469296285152435303e+03
1.491572502613067627e+03
1.513509849548339844e+03
1.535567864894866943e+03
1.557235303640365601e+03
1.579165071010589600e+03
1.601303816318511963e+03
1.623209810972213745e+03
1.645568304061889648e+03
1.667870438575744629e+03
1.689829146623611450e+03
1.712001358985900879e+03
1.734296216249465942e+03
1.756320054054260254e+03
1.779093769550323486e+03