2.791828131675720215e+01
2.191839289665222168e+01
2.174129581451416016e+01
2.222702360153198242e+01
2.215516781806945801e+01
2.182971048355102539e+01
2.160389328002929688e+01
2.189735436439514160e+01
2.219231772422790527e+01
2.204301738739013672e+01
2.242733097076416016e+01
2.234856629371643066e+01
2.242266511917114258e+01
2.190204238891601562e+01
2.216412401199340820e+01
2.238203549385070801e+01
2.206143164634704590e+01
2.247686505317687988e+01
2.198355007171630859e+01
2.186282825469970703e+01
2.202473831176757812e+01
2.225114011764526367e+01
2.222986173629760742e+01
2.230325317382812500e+01
2.192282533645629883e+01
2.202985763549804688e+01
2.181035876274108887e+01
2.202483510971069336e+01
2.156180953979492188e+01
2.175424170494079590e+01
2.185236048698425293e+01
2.236719799041748047e+01
2.269160246849060059e+01
2.210718894004821777e+01
2.276094508171081543e+01
2.216714763641357422e+01
2.211456966400146484e+01
2.231109952926635742e+01
2.240249776840209961e+01
2.209646224975585938e+01
2.229100203514099121e+01
2.221852684020996094e+01
2.195043754577636719e+01
2.237398076057434082e+01
2.252133178710937500e+01
2.203453135490417480e+01
2.217617964744567871e+01
2.230336761474609375e+01
2.268036890029907227e+01
2.248874306678771973e+01
2.253637909889221191e+01
2.266039943695068359e+01
2.222458958625793457e+01
2.216144800186157227e+01
2.213211870193481445e+01
2.246217226982116699e+01
2.182986092567443848e+01
2.237461829185485840e+01
2.275301384925842285e+01
2.192577981948852539e+01
2.229654026031494141e+01
2.238947987556457520e+01
2.175520849227905273e+01
2.225015068054199219e+01
2.214320778846740723e+01
2.202096128463745117e+01
2.227621746063232422e+01
2.193734693527221680e+01
2.205801534652709961e+01
2.166743874549865723e+01
2.192976737022399902e+01
2.213874530792236328e+01
2.190599465370178223e+01
2.235849308967590332e+01
2.230213451385498047e+01
2.195870804786682129e+01
2.217221236228942871e+01
2.229485726356506348e+01
2.202383780479431152e+01
2.277371549606323242e+01
