6.813788890838623047e+00
1.469551277160644531e+01
1.966346168518066406e+01
2.386217880249023438e+01
2.951922988891601562e+01
3.403845977783203125e+01
3.988782119750976562e+01
4.243589782714843750e+01
4.588140869140625000e+01
5.006410217285156250e+01
5.198717880249023438e+01
5.623397445678710938e+01
5.923077011108398438e+01
6.334935760498046875e+01
6.455128479003906250e+01
6.799679565429687500e+01
6.943910217285156250e+01
7.044871520996093750e+01
7.376602935791015625e+01
7.535256195068359375e+01
7.706730651855468750e+01
7.671474456787109375e+01
7.866986846923828125e+01
8.040064239501953125e+01
8.059294891357421875e+01
8.211538696289062500e+01
8.318910217285156250e+01
8.309294891357421875e+01
8.431089782714843750e+01
8.427884674072265625e+01
8.661859130859375000e+01
8.663461303710937500e+01
8.716345977783203125e+01
8.687500000000000000e+01
8.687500000000000000e+01
8.714743804931640625e+01
8.758013153076171875e+01
8.806089782714843750e+01
8.751602935791015625e+01
8.759615325927734375e+01
8.798076629638671875e+01
8.788461303710937500e+01
8.887820434570312500e+01
8.879808044433593750e+01
8.825320434570312500e+01
8.892628479003906250e+01
8.830128479003906250e+01
8.875000000000000000e+01
8.899038696289062500e+01
8.916666412353515625e+01
8.881410217285156250e+01
8.857371520996093750e+01
8.902243804931640625e+01
8.950320434570312500e+01
8.940705108642578125e+01
8.934294891357421875e+01
8.947115325927734375e+01
9.011218261718750000e+01
9.014423370361328125e+01
8.958333587646484375e+01
8.926281738281250000e+01
9.012820434570312500e+01
8.969551086425781250e+01
8.947115325927734375e+01
8.942308044433593750e+01
9.027243804931640625e+01
9.028845977783203125e+01
8.945513153076171875e+01
8.902243804931640625e+01
8.921474456787109375e+01
9.017628479003906250e+01
9.001602935791015625e+01
8.985576629638671875e+01
9.004808044433593750e+01
8.985576629638671875e+01
9.032051086425781250e+01
8.937500000000000000e+01
9.025640869140625000e+01
9.036859130859375000e+01
9.033654022216796875e+01
