1.867547321319580078e+01
3.527252578735351562e+01
5.176162624359130859e+01
6.831603860855102539e+01
8.484795832633972168e+01
1.012130618095397949e+02
1.174206633567810059e+02
1.340085520744323730e+02
1.501164314746856689e+02
1.664791395664215088e+02
1.828587791919708252e+02
1.992195348739624023e+02
2.157061841487884521e+02
2.320384230613708496e+02
2.484759101867675781e+02
2.647841763496398926e+02
2.812059919834136963e+02
2.976526708602905273e+02
3.143286314010620117e+02
3.307531440258026123e+02
3.471745333671569824e+02
3.635051662921905518e+02
3.800621964931488037e+02
3.965093286037445068e+02
4.128539717197418213e+02
4.292693729400634766e+02
4.458348746299743652e+02
4.620556118488311768e+02
4.785213890075683594e+02
4.950963912010192871e+02
5.115175733566284180e+02
5.278937902450561523e+02
5.445399482250213623e+02
5.608553421497344971e+02
5.773475186824798584e+02
5.938732113838195801e+02
6.104890708923339844e+02
6.268051657676696777e+02
6.432203326225280762e+02
6.597284128665924072e+02
6.760942070484161377e+02
6.924810140132904053e+02
7.085634045600891113e+02
7.251860344409942627e+02
7.416682300567626953e+02
7.577369968891143799e+02
7.741748161315917969e+02
7.906747276782989502e+02
8.073137423992156982e+02
8.235586061477661133e+02
8.399780912399291992e+02
8.567938926219940186e+02
8.732131626605987549e+02
8.898790559768676758e+02
9.063653743267059326e+02
9.228290731906890869e+02
9.394831390380859375e+02
9.559734289646148682e+02
9.723429558277130127e+02
9.888440902233123779e+02
1.005207942962646484e+03
1.021616302251815796e+03
1.038048908472061157e+03
1.054433912992477417e+03
1.071037002086639404e+03
1.087407233953475952e+03
1.103846339464187622e+03
1.120205189943313599e+03
1.137331382274627686e+03
1.153931779146194458e+03
1.170412991285324097e+03
1.186813552141189575e+03
1.203062429666519165e+03
1.219658897399902344e+03
1.236151426553726196e+03
1.252704954147338867e+03
1.269300270080566406e+03
1.285865550041198730e+03
1.302352910041809082e+03
1.318618270874023438e+03
