7.200386524200439453e+00
1.307692337036132812e+01
1.621794891357421875e+01
1.959935951232910156e+01
2.371794891357421875e+01
2.661858940124511719e+01
3.158653831481933594e+01
3.344551467895507812e+01
3.700320434570312500e+01
4.000000000000000000e+01
4.266025543212890625e+01
4.584935760498046875e+01
5.020833206176757812e+01
5.366987228393554688e+01
5.533654022216796875e+01
5.790064239501953125e+01
5.892628097534179688e+01
6.081730651855468750e+01
6.237179565429687500e+01
6.451923370361328125e+01
6.612179565429687500e+01
6.573718261718750000e+01
6.751602935791015625e+01
6.836538696289062500e+01
6.964743804931640625e+01
7.118589782714843750e+01
7.205128479003906250e+01
7.168269348144531250e+01
7.326923370361328125e+01
7.378205108642578125e+01
7.480769348144531250e+01
7.540064239501953125e+01
7.565705108642578125e+01
7.580128479003906250e+01
7.544871520996093750e+01
7.572115325927734375e+01
7.610576629638671875e+01
7.637820434570312500e+01
7.644230651855468750e+01
7.666666412353515625e+01
7.681089782714843750e+01
7.679486846923828125e+01
7.751602935791015625e+01
7.722756195068359375e+01
7.676281738281250000e+01
7.714743804931640625e+01
7.671474456787109375e+01
7.727564239501953125e+01
7.701923370361328125e+01
7.700320434570312500e+01
7.738781738281250000e+01
7.751602935791015625e+01
7.775640869140625000e+01
7.810897064208984375e+01
7.810897064208984375e+01
7.706730651855468750e+01
7.729166412353515625e+01
7.923076629638671875e+01
7.862179565429687500e+01
7.831730651855468750e+01
7.790064239501953125e+01
7.809294891357421875e+01
7.820513153076171875e+01
7.852564239501953125e+01
7.828525543212890625e+01
7.996794891357421875e+01
7.858974456787109375e+01
7.790064239501953125e+01
7.759615325927734375e+01
7.850961303710937500e+01
7.767628479003906250e+01
7.844551086425781250e+01
7.870191955566406250e+01
7.863781738281250000e+01
7.908654022216796875e+01
7.939102935791015625e+01
7.786859130859375000e+01
7.935897064208984375e+01
7.892628479003906250e+01
7.825320434570312500e+01
