2.678541946411132812e+01
4.950741720199584961e+01
7.127183675765991211e+01
9.370418405532836914e+01
1.160045015811920166e+02
1.386696958541870117e+02
1.611398322582244873e+02
1.833553247451782227e+02
2.060858135223388672e+02
2.280815849304199219e+02
2.510131843090057373e+02
2.738727483749389648e+02
2.963565301895141602e+02
3.184432625770568848e+02
3.411247975826263428e+02
3.639273884296417236e+02
3.866935608386993408e+02
4.096156251430511475e+02
4.320291321277618408e+02
4.542571341991424561e+02
4.768738765716552734e+02
4.995299420356750488e+02
5.221893861293792725e+02
5.447731001377105713e+02
5.675559802055358887e+02
5.901811792850494385e+02
6.122761027812957764e+02
6.346012914180755615e+02
6.573693931102752686e+02
6.796941022872924805e+02
7.019327788352966309e+02
7.240883491039276123e+02
7.467144050598144531e+02
7.698220014572143555e+02
7.920766305923461914e+02
8.146083660125732422e+02
8.368181371688842773e+02
8.592355408668518066e+02
8.818950431346893311e+02
9.045881931781768799e+02
9.270520193576812744e+02
9.497512125968933105e+02
9.724255833625793457e+02
9.958014550209045410e+02
1.018225386619567871e+03
1.041326591014862061e+03
1.064225780487060547e+03
1.086985757112503052e+03
1.110306107521057129e+03
1.133212773799896240e+03
1.156184756040573120e+03
1.178685612440109253e+03
1.201691696882247925e+03
1.224289777040481567e+03
1.245859369277954102e+03
1.267794393062591553e+03
1.290057558536529541e+03
1.311710115671157837e+03
1.333549270629882812e+03
1.355385686397552490e+03
1.377051108121871948e+03
1.398893049001693726e+03
1.420975867509841919e+03
1.442620701313018799e+03
1.464760054826736450e+03
1.486866967439651489e+03
1.508686506986618042e+03
1.530549840688705444e+03
1.552222069740295410e+03
1.573861438274383545e+03
1.595675827264785767e+03
1.617692710161209106e+03
1.639251657009124756e+03
1.661367759227752686e+03
1.683222748994827271e+03
1.704995569705963135e+03
1.726627154827117920e+03
1.748495125293731689e+03
1.770596415042877197e+03
1.792194696664810181e+03
